# Created by Octave 5.2.0, Wed Sep 02 13:13:09 2020 GMT <unknown@DESKTOP-30T4RI5>
# name: X
# type: matrix
# rows: 12
# columns: 2
 1 -15.936758133785411
 1 -29.152979217238133
 1 36.189548626662528
 1 37.492187331995133
 1 -48.058829452570066
 1 -8.941457938049755
 1 15.307792889226079
 1 -34.706265811322488
 1 1.3891543686358903
 1 -44.383759851686918
 1 7.0135020824041119
 1 22.762748919711303


# name: Xtest
# type: matrix
# rows: 21
# columns: 1
 -33.318003990618394
 -37.912164028316212
 -51.206937948273165
 -6.1325958482286245
 21.261183273898428
 -40.319529490308526
 -14.541531672952836
 32.559760241708588
 13.393432547328858
 44.209885946781668
 -1.1426776754879553
 -12.766860652278851
 34.054505389596635
 39.223500277403794
 1.9744967392389405
 29.621755098704469
 -23.669629706659677
 -9.0118013926614413
 -55.940570906775022
 -35.708597519064931
 9.5102053265765534


# name: Xval
# type: matrix
# rows: 21
# columns: 1
 -16.746535778020689
 -14.577470749241868
 34.515758657299322
 -47.010075743200758
 36.975119046362785
 -40.686110015367476
 -4.4720109757664561
 26.533634894788861
 -42.797683100179555
 25.374099383527664
 -31.109553977307751
 27.311768635213411
 -3.2638620136567207
 -1.8182764871158748
 -40.719662402516157
 -50.013243645495429
 -17.411771548016379
 3.5881936966441286
 7.0854802619706732
 46.28236901853893
 14.612289091656539


# name: ans
# type: scalar
0.083333333333333329


# name: grad
# type: matrix
# rows: 2
# columns: 1
 -15.303015674201186
 598.25074417270355


# name: h
# type: matrix
# rows: 12
# columns: 1
 -14.936758133785411
 -28.152979217238133
 37.189548626662528
 38.492187331995133
 -47.058829452570066
 -7.941457938049755
 16.307792889226079
 -33.706265811322488
 2.3891543686358903
 -43.383759851686918
 8.0135020824041128
 23.762748919711303


# name: lambda
# type: scalar
1


# name: m
# type: scalar
12


# name: theta
# type: matrix
# rows: 2
# columns: 1
 1
 1


# name: y
# type: matrix
# rows: 12
# columns: 1
 2.1343105067296686
 1.1732566787564553
 34.359109180538951
 36.837955163712351
 2.8089650744798562
 2.121072476666392
 14.710268306562307
 2.6141843864322589
 3.7401716656949393
 3.7316913105430669
 7.6276588520380351
 22.752428302242212


# name: ytest
# type: matrix
# rows: 21
# columns: 1
 3.3168895317563605
 5.3976895202161543
 0.13042983745201431
 6.1925982023838726
 17.088487115476173
 0.79950804671017206
 2.8247918343783511
 28.621233335545469
 17.046390806327768
 55.384373342207859
 4.0793673331280509
 8.2703979345830323
 31.323551019505633
 39.159061032927603
 8.0872798935521644
 24.111343893537502
 2.4773548027587968
 6.5660647193030375
 6.0380888015720355
 4.6927395585924989
 10.830046063205728


# name: yval
# type: matrix
# rows: 21
# columns: 1
 4.1702020088506266
 4.0672628038389727
 31.873067575789328
 10.623656189695145
 31.836021281338372
 4.9593697209971106
 4.4515988034703522
 22.27631845748984
 -4.3873827391571751e-05
 20.503801579308035
 3.8583447626973317
 19.365052915607581
 4.8837628054530544
 11.097158848382119
 7.4617082661540053
 1.4769346422983864
 2.7191638776470382
 10.92690065536873
 8.3487123463011077
 52.781927979043786
 13.357339606074687


